NA
NA
NA
NA
NA
NA
NA
NA
NA
NA
NA
NA
NA
NA
NA
NA
NA
NA
NA
NA
NA
NA
NA
NA
NA
NA
NA
NA
NA
NA
NA
NA
NA
NA
NA
NA
NA
NA
NA
NA
NA
NA
NA
NA
NA
NA
NA
NA
NA
NA
NA
NA
NA
NA
NA
NA
NA
NA
NA
NA
NA
NA
NA
NA
NA
NA
NA
NA
NA
NA
NA
NA
NA
NA
NA
NA
NA
NA
NA
NA
NA
NA
NA
NA
NA
NA
NA
NA
NA
NA
NA
NA
NA
NA
NA
NA
NA
NA
NA
NA
NA
NA
NA
NA
NA
NA
NA
NA
NA
NA
NA
NA
NA
NA
NA
NA
NA
NA
NA
NA
NA
NA
NA
NA
NA
NA
NA
NA
NA
NA
NA
NA
NA
NA
NA
NA
NA
NA
NA
NA
NA
NA
NA
NA
NA
NA
NA
NA
NA
NA
NA
NA
NA
NA
NA
NA
NA
NA
NA
NA
NA
NA
NA
NA
NA
NA
NA
NA
NA
NA
NA
NA
NA
NA
NA
NA
NA
NA
NA
NA
NA
NA
NA
NA
NA
NA
NA
NA
NA
NA
NA
NA
NA
NA
NA
NA
NA
NA
NA
NA
NA
NA
NA
NA
NA
NA
NA
NA
NA
NA
NA
NA
NA
NA
NA
NA
NA
NA
NA
NA
NA
NA
NA
NA
NA
NA
NA
NA
NA
NA
NA
NA
NA
NA
NA
NA
NA
NA
NA
NA
NA
NA
NA
NA
NA
NA
NA
NA
NA
NA
NA
NA
NA
NA
NA
NA
NA
NA
NA
NA
8.607671e-237
8.607671e-237
8.607671e-237
8.607671e-237
8.607671e-237
8.607671e-237
8.607671e-237
8.607671e-237
8.607671e-237
8.607671e-237
8.607671e-237
8.607671e-237
8.607671e-237
8.607671e-237
8.607671e-237
8.607671e-237
8.607671e-237
8.607671e-237
8.607671e-237
8.607671e-237
8.607671e-237
8.607671e-237
8.607671e-237
8.607671e-237
8.607671e-237
8.607671e-237
8.607671e-237
8.607671e-237
8.607671e-237
8.607671e-237
8.607671e-237
8.607671e-237
8.607671e-237
8.607671e-237
8.607671e-237
8.607671e-237
8.607671e-237
8.607671e-237
8.607671e-237
8.607671e-237
8.607671e-237
8.607671e-237
8.607671e-237
8.607671e-237
8.607671e-237
8.607671e-237
8.607671e-237
8.607671e-237
8.607671e-237
8.607671e-237
8.607671e-237
8.607671e-237
8.607671e-237
8.607671e-237
8.607671e-237
8.607671e-237
8.607671e-237
8.607671e-237
8.607671e-237
8.607671e-237
8.607671e-237
8.607671e-237
8.607671e-237
8.607671e-237
8.607671e-237
8.607671e-237
8.607671e-237
8.607671e-237
8.607671e-237
8.607671e-237
8.607671e-237
8.607671e-237
8.607671e-237
8.607671e-237
8.607671e-237
8.607671e-237
8.607671e-237
8.607671e-237
8.607671e-237
8.607671e-237
8.607671e-237
8.607671e-237
8.607671e-237
8.607671e-237
8.607671e-237
8.607671e-237
8.607671e-237
8.607671e-237
8.607671e-237
8.607671e-237
8.607671e-237
8.607671e-237
8.607671e-237
8.607671e-237
8.607671e-237
8.607671e-237
8.607671e-237
8.607671e-237
8.607671e-237
8.607671e-237
8.607671e-237
8.607671e-237
8.607671e-237
8.607671e-237
8.607671e-237
8.607671e-237
8.607671e-237
8.607671e-237
8.607671e-237
8.607671e-237
8.607671e-237
8.607671e-237
8.607671e-237
8.607671e-237
8.607671e-237
8.607671e-237
8.607671e-237
8.607671e-237
8.607671e-237
8.607671e-237
8.607671e-237
8.607671e-237
8.607671e-237
8.607671e-237
8.607671e-237
8.607671e-237
8.607671e-237
8.607671e-237
8.607671e-237
8.607671e-237
8.607671e-237
8.607671e-237
8.607671e-237
8.607671e-237
8.607671e-237
8.607671e-237
8.607671e-237
8.607671e-237
8.607671e-237
8.607671e-237
8.607671e-237
8.607671e-237
8.607671e-237
8.607671e-237
8.607671e-237
8.607671e-237
8.607671e-237
8.607671e-237
8.607671e-237
8.607671e-237
8.607671e-237
8.607671e-237
8.607671e-237
8.607671e-237
8.607671e-237
8.607671e-237
8.607671e-237
8.607671e-237
8.607671e-237
8.607671e-237
8.607671e-237
8.607671e-237
8.607671e-237
8.607671e-237
8.607671e-237
8.607671e-237
8.607671e-237
8.607671e-237
8.607671e-237
8.607671e-237
8.607671e-237
8.607671e-237
8.607671e-237
8.607671e-237
8.607671e-237
8.607671e-237
8.607671e-237
8.607671e-237
8.607671e-237
8.607671e-237
8.607671e-237
8.607671e-237
8.607671e-237
8.607671e-237
8.607671e-237
8.607671e-237
8.607671e-237
8.607671e-237
8.607671e-237
8.607671e-237
8.607671e-237
8.607671e-237
8.607671e-237
8.607671e-237
8.607671e-237
8.607671e-237
8.607671e-237
8.607671e-237
8.607671e-237
8.607671e-237
8.607671e-237
8.607671e-237
8.607671e-237
8.607671e-237
8.607671e-237
8.607671e-237
8.607671e-237
8.607671e-237
8.607671e-237
8.607671e-237
8.607671e-237
8.607671e-237
8.607671e-237
8.607671e-237
8.607671e-237
8.607671e-237
8.607671e-237
8.607671e-237
8.607671e-237
8.607671e-237
8.607671e-237
8.607671e-237
8.607671e-237
8.607671e-237
8.607671e-237
8.607671e-237
8.607671e-237
8.607671e-237
8.607671e-237
8.607671e-237
8.607671e-237
8.607671e-237
8.607671e-237
8.607671e-237
8.607671e-237
8.607671e-237
8.607671e-237
8.607671e-237
8.607671e-237
8.607671e-237
8.607671e-237
8.607671e-237
8.607671e-237
8.607671e-237
8.607671e-237
8.607671e-237
8.607671e-237
8.607671e-237
8.607671e-237
8.607671e-237
8.607671e-237
8.607671e-237
8.607671e-237
8.607671e-237
8.607671e-237
8.607671e-237
8.607671e-237
8.607671e-237
8.607671e-237
8.607671e-237
4.010154e-236
3.762167e-236
3.529352e-236
3.310829e-236
3.105541e-236
2.912891e-236
2.73195e-236
2.562237e-236
2.402535e-236
2.252643e-236
2.112376e-236
1.98023e-236
1.856328e-236
5.770514e-236
7.698115e-236
9.082463e-236
1.014447e-235
1.100807e-235
1.07485e-235
1.012863e-235
9.5351e-236
8.973377e-236
8.445707e-236
8.046078e-236
7.592206e-236
7.148418e-236
6.732892e-236
6.335285e-236
5.968319e-236
5.618488e-236
5.28759e-236
4.97835e-236
4.688977e-236
4.410769e-236
5.627165e-236
7.618386e-236
7.238122e-236
6.816543e-236
6.417345e-236
6.039066e-236
5.730257e-236
5.451003e-236
5.172665e-236
4.86759e-236
4.581459e-236
4.367436e-236
4.154857e-236
4.035899e-236
3.805948e-236
3.605332e-236
3.391674e-236
3.190258e-236
3.012821e-236
2.874083e-236
2.878229e-236
2.905423e-236
2.742846e-236
2.621831e-236
2.500944e-236
2.364032e-236
2.435752e-236
2.316848e-236
2.191561e-236
2.06128e-236
2.029037e-236
3.318112e-236
6.289393e-236
5.917534e-236
5.567926e-236
5.239194e-236
4.930005e-236
4.639177e-236
4.365575e-236
4.10812e-236
6.16698e-236
7.486173e-236
7.043839e-236
6.627879e-236
6.236668e-236
5.868872e-236
5.522656e-236
5.196883e-236
4.890392e-236
4.601879e-236
4.330241e-236
4.074627e-236
3.83447e-236
3.608083e-236
3.394555e-236
3.193923e-236
3.004536e-236
2.828498e-236
2.660374e-236
2.501961e-236
2.352728e-236
2.212426e-236
2.080111e-236
1.956699e-236
1.840289e-236
1.72945e-236
1.626307e-236
1.527954e-236
1.437795e-236
1.351282e-236
1.268937e-236
1.19144e-236
1.118563e-236
1.049897e-236
9.853104e-237
9.257707e-237
8.713069e-237
8.401848e-237
7.922275e-237
7.433143e-237
7.109495e-237
6.906668e-237
6.610316e-237
6.210102e-237
5.861174e-237
5.567168e-237
5.230027e-237
5.211253e-237
4.936399e-237
4.898733e-237
5.082373e-237
5.077662e-237
5.007609e-237
4.707217e-237
4.446739e-237
4.241001e-237
3.990044e-237
3.776305e-237
4.427487e-237
4.402726e-237
4.141436e-237
4.519605e-237
4.306051e-237
4.537405e-237
4.77348e-237
4.51379e-237
4.269706e-237
4.198729e-237
4.065107e-237
3.82725e-237
3.605281e-237
3.77646e-237
4.018086e-237
3.797367e-237
3.599804e-237
3.38989e-237
3.300859e-237
3.110242e-237
2.932103e-237
2.772183e-237
2.61454e-237
2.469115e-237
2.349973e-237
2.220109e-237
2.231901e-237
2.118582e-237
2.101153e-237
2.039618e-237
1.999353e-237
2.015944e-237
1.933051e-237
1.86528e-237
1.783153e-237
1.69413e-237
1.893106e-237
2.499683e-237
2.365349e-237
2.26057e-237
2.18224e-237
2.2492e-237
2.809931e-237
2.673705e-237
2.523318e-237
2.666838e-237
2.719539e-237
2.584099e-237
2.916963e-237
2.782171e-237
4.172603e-237
3.955351e-237
3.777442e-237
3.956538e-237
4.757626e-237
4.543908e-237
4.344039e-237
4.18185e-237
4.071599e-237
3.839128e-237
3.614366e-237
3.440077e-237
3.249798e-237
3.129062e-237
2.951794e-237
2.916643e-237
2.848876e-237
2.769023e-237
2.621272e-237
2.538581e-237
2.400044e-237
2.268045e-237
2.155077e-237
2.120324e-237
2.053151e-237
1.948507e-237
1.924458e-237
1.826363e-237
1.989283e-237
1.912188e-237
1.899338e-237
1.581662e-236
2.193299e-236
2.064839e-236
1.944901e-236
1.831452e-236
1.726539e-236
1.626298e-236
1.531997e-236
1.445389e-236
1.361843e-236
1.283279e-236
1.209307e-236
1.144561e-236
1.079406e-236
1.017748e-236
9.624799e-237
9.086584e-237
8.601872e-237
8.116073e-237
7.697495e-237
7.327164e-237
6.923783e-237
6.566737e-237
6.243315e-237
5.909987e-237
5.614141e-237
5.312481e-237
5.030557e-237
4.766398e-237
4.517405e-237
4.343796e-237
4.124637e-237
3.96585e-237
3.825345e-237
3.640561e-237
3.469179e-237
3.389626e-237
3.240075e-237
3.099837e-237
2.978782e-237
2.858558e-237
2.747798e-237
2.651715e-237
2.609335e-237
1.632255e-236
2.301592e-236
2.188494e-236
