NA
NA
NA
NA
NA
NA
NA
NA
NA
NA
NA
NA
NA
NA
NA
NA
NA
NA
NA
NA
NA
NA
NA
NA
NA
NA
NA
NA
NA
NA
NA
NA
NA
NA
NA
NA
NA
NA
NA
NA
NA
NA
NA
NA
NA
NA
NA
NA
NA
NA
NA
NA
NA
NA
NA
NA
NA
NA
NA
NA
NA
NA
NA
NA
NA
NA
NA
NA
NA
NA
NA
NA
NA
NA
NA
NA
NA
NA
NA
NA
NA
NA
NA
NA
NA
NA
NA
NA
NA
NA
NA
NA
NA
NA
NA
NA
NA
NA
NA
NA
NA
NA
NA
NA
NA
NA
NA
NA
NA
NA
NA
NA
NA
NA
NA
NA
NA
NA
NA
NA
NA
NA
NA
NA
NA
NA
NA
NA
NA
NA
NA
NA
NA
NA
NA
NA
NA
NA
NA
NA
NA
NA
NA
NA
NA
NA
NA
NA
NA
NA
NA
NA
NA
NA
NA
NA
NA
NA
NA
NA
NA
NA
NA
NA
NA
NA
NA
NA
NA
NA
NA
NA
NA
NA
NA
NA
NA
NA
NA
NA
NA
NA
NA
NA
NA
NA
NA
NA
NA
NA
NA
NA
NA
NA
NA
NA
NA
NA
NA
NA
NA
NA
NA
NA
NA
NA
NA
NA
NA
NA
NA
NA
NA
NA
NA
NA
NA
NA
NA
NA
NA
NA
NA
NA
NA
NA
NA
NA
NA
NA
NA
NA
NA
NA
NA
NA
NA
NA
NA
NA
NA
NA
NA
NA
NA
NA
NA
NA
NA
NA
NA
NA
NA
NA
NA
NA
NA
NA
NA
NA
0.04666467
0.04666467
0.04666467
0.04666467
0.04666467
0.04666467
0.04666467
0.04666467
0.04666467
0.04666467
0.04666467
0.04666467
0.04666467
0.04666467
0.04666467
0.04666467
0.04666467
0.04666467
0.04666467
0.04666467
0.04666467
0.04666467
0.04666467
0.04666467
0.04666467
0.04666467
0.04666467
0.04666467
0.04666467
0.04666467
0.04666467
0.04666467
0.04666467
0.04666467
0.04666467
0.04666467
0.04666467
0.04666467
0.04666467
0.04666467
0.04666467
0.04666467
0.04666467
0.04666467
0.04666467
0.04666467
0.04666467
0.04666467
0.04666467
0.04666467
0.04666467
0.04666467
0.04666467
0.04666467
0.04666467
0.04666467
0.04666467
0.04666467
0.04666467
0.04666467
0.04666467
0.04666467
0.04666467
0.04666467
0.04666467
0.04666467
0.04666467
0.04666467
0.04666467
0.04666467
0.04666467
0.04666467
0.04666467
0.04666467
0.04666467
0.04666467
0.04666467
0.04666467
0.04666467
0.04666467
0.04666467
0.04666467
0.04666467
0.04666467
0.04666467
0.04666467
0.04666467
0.04666467
0.04666467
0.04666467
0.04666467
0.04666467
0.04666467
0.04666467
0.04666467
0.04666467
0.04666467
0.04666467
0.04666467
0.04666467
0.04666467
0.04666467
0.04666467
0.04666467
0.04666467
0.04666467
0.04666467
0.04666467
0.04666467
0.04666467
0.04666467
0.04666467
0.04666467
0.04666467
0.04666467
0.04666467
0.04666467
0.04666467
0.04666467
0.04666467
0.04666467
0.04666467
0.04666467
0.04666467
0.04666467
0.04666467
0.04666467
0.04666467
0.04666467
0.04666467
0.04666467
0.04666467
0.04666467
0.04666467
0.04666467
0.04666467
0.04666467
0.04666467
0.04666467
0.04666467
0.04666467
0.04666467
0.04666467
0.04666467
0.04666467
0.04666467
0.04666467
0.04666467
0.04666467
0.04666467
0.04666467
0.04666467
0.04666467
0.04666467
0.04666467
0.04666467
0.04666467
0.04666467
0.04666467
0.04666467
0.04666467
0.04666467
0.04666467
0.04666467
0.04666467
0.04666467
0.04666467
0.04666467
0.04666467
0.04666467
0.04666467
0.04666467
0.04666467
0.04666467
0.04666467
0.04666467
0.04666467
0.04666467
0.04666467
0.04666467
0.04666467
0.04666467
0.04666467
0.04666467
0.04666467
0.04666467
0.04666467
0.04666467
0.04666467
0.04666467
0.04666467
0.04666467
0.04666467
0.04666467
0.04666467
0.04666467
0.04666467
0.04666467
0.04666467
0.04666467
0.04666467
0.04666467
0.04666467
0.04666467
0.04666467
0.04666467
0.04666467
0.04666467
0.04666467
0.04666467
0.04666467
0.04666467
0.04666467
0.04666467
0.04666467
0.04666467
0.04666467
0.04666467
0.04666467
0.04666467
0.04666467
0.04666467
0.04666467
0.04666467
0.04666467
0.04666467
0.04666467
0.04666467
0.04666467
0.04666467
0.04666467
0.04666467
0.04666467
0.04666467
0.04666467
0.04666467
0.04666467
0.04666467
0.04666467
0.04666467
0.04666467
0.04666467
0.04666467
0.04666467
0.04666467
0.04666467
0.04666467
0.04666467
0.04666467
0.04666467
0.04666467
0.04666467
0.04666467
0.04666467
0.04666467
0.04666467
0.04666467
0.04666467
0.04666467
0.04666467
1.012836
0.8914422
0.784525
0.6903838
0.6074232
0.5343988
0.47007
0.4134809
0.3635435
0.3195962
0.2810343
0.2469722
0.2170334
2.097229
3.732379
5.195462
6.481508
7.632015
7.276337
6.461273
5.726212
5.07141
4.492509
4.07742
3.630386
3.218376
2.855093
2.527838
2.243474
1.98818
1.760891
1.560946
1.384756
1.225309
1.994327
3.655467
3.299656
2.926478
2.593747
2.296977
2.06807
1.871413
1.685178
1.492261
1.321979
1.201351
1.087249
1.025882
0.9123104
0.8186675
0.7245111
0.6410156
0.5716938
0.520254
0.5217562
0.5316621
0.4738271
0.4329388
0.3939351
0.3519845
0.3736655
0.3380742
0.3024992
0.2676031
0.2592965
0.6934244
2.491348
2.205456
1.952557
1.728805
1.530776
1.355498
1.200328
1.062926
2.395311
3.529691
3.124897
2.766725
2.449752
2.169333
1.920936
1.700994
1.506275
1.33379
1.180976
1.045665
0.9260353
0.8199173
0.7257428
0.6424894
0.5685542
0.5038817
0.4457611
0.3942557
0.3486266
0.3082865
0.2725147
0.2411377
0.213299
0.1883791
0.1665797
0.1470406
0.1302
0.115003
0.1014138
0.08940491
0.07880216
0.06942416
0.06114529
0.05397887
0.04781446
0.0444597
0.03952909
0.03479861
0.03183423
0.03004375
0.02752082
0.02428926
0.02163646
0.01952026
0.0172276
0.01710414
0.0153475
0.01511418
0.01626859
0.01623845
0.01579348
0.0139555
0.01245375
0.01132801
0.01002703
0.008981545
0.01234615
0.01220844
0.01080237
0.01286524
0.01167818
0.01296678
0.01435116
0.01283215
0.01148188
0.01110331
0.01040785
0.009225512
0.00818644
0.008982282
0.01016846
0.009082014
0.008161588
0.007237493
0.006862317
0.006092635
0.005414711
0.004840171
0.004305342
0.00383972
0.003478105
0.003104314
0.003137377
0.00282688
0.002780559
0.002620081
0.002517652
0.002559609
0.002353443
0.002191316
0.002002599
0.001807635
0.002257183
0.003935382
0.003523769
0.003218496
0.002999314
0.0031862
0.004972884
0.004502399
0.004010154
0.0044793
0.004658086
0.004205669
0.005358939
0.004875113
0.01096556
0.009853418
0.008986956
0.009859335
0.014256
0.01300397
0.01188514
0.01101422
0.01044112
0.009282868
0.008227753
0.007453379
0.006651654
0.006166593
0.005487682
0.005357762
0.005111685
0.004829143
0.004327541
0.004058813
0.0036279
0.003239816
0.002925112
0.00283153
0.002654963
0.002391228
0.002332566
0.002100831
0.002492356
0.002302915
0.002272068
0.1575594
0.3029791
0.2685277
0.2382384
0.2112555
0.1877457
0.1665779
0.1478198
0.131579
0.1168075
0.1037192
0.09210642
0.08250771
0.07338151
0.06523747
0.05834455
0.05200178
0.04660182
0.04148669
0.03731778
0.0338134
0.03019283
0.02715915
0.02454977
0.02199834
0.01985105
0.01777509
0.01593856
0.01430861
0.01285272
0.01188381
0.01071491
0.0099058
0.009216332
0.008347443
0.00758002
0.007236365
0.00661191
0.00605194
0.005588491
0.005146487
0.004755395
0.004428644
0.004288217
0.1678004
0.3336366
0.3016531
