NA
NA
NA
NA
NA
NA
NA
NA
NA
NA
NA
NA
NA
NA
NA
NA
NA
NA
NA
NA
NA
NA
NA
NA
NA
NA
NA
NA
NA
NA
NA
NA
NA
NA
NA
NA
NA
NA
NA
NA
NA
NA
NA
NA
NA
NA
NA
NA
NA
NA
NA
NA
NA
NA
NA
NA
NA
NA
NA
NA
NA
NA
NA
NA
NA
NA
NA
NA
NA
NA
NA
NA
NA
NA
NA
NA
NA
NA
NA
NA
NA
NA
NA
NA
NA
NA
NA
NA
NA
NA
NA
NA
NA
NA
NA
NA
NA
NA
NA
NA
NA
NA
NA
NA
NA
NA
NA
NA
NA
NA
NA
NA
NA
NA
NA
NA
NA
NA
NA
NA
NA
NA
NA
NA
NA
NA
NA
NA
NA
NA
NA
NA
NA
NA
NA
NA
NA
NA
NA
NA
NA
NA
NA
NA
NA
NA
NA
NA
NA
NA
NA
NA
NA
NA
NA
NA
NA
NA
NA
NA
NA
NA
NA
NA
NA
NA
NA
NA
NA
NA
NA
NA
NA
NA
NA
NA
NA
NA
NA
NA
NA
NA
NA
NA
NA
NA
NA
NA
NA
NA
NA
NA
NA
NA
NA
NA
NA
NA
NA
NA
NA
NA
NA
NA
NA
NA
NA
NA
NA
NA
NA
NA
NA
NA
NA
NA
NA
NA
NA
NA
NA
NA
NA
NA
NA
NA
NA
NA
NA
NA
NA
NA
NA
NA
NA
NA
NA
NA
NA
NA
NA
NA
NA
NA
NA
NA
NA
NA
NA
NA
NA
NA
NA
NA
NA
NA
NA
NA
NA
NA
-0.3553214
-0.3553214
-0.3553214
-0.3553214
-0.3553214
-0.3553214
-0.3553214
-0.3553214
-0.3553214
-0.3553214
-0.3553214
-0.3553214
-0.3553214
-0.3553214
-0.3553214
-0.3553214
-0.3553214
-0.3553214
-0.3553214
-0.3553214
-0.3553214
-0.3553214
-0.3553214
-0.3553214
-0.3553214
-0.3553214
-0.3553214
-0.3553214
-0.3553214
-0.3553214
-0.3553214
-0.3553214
-0.3553214
-0.3553214
-0.3553214
-0.3553214
-0.3553214
-0.3553214
-0.3553214
-0.3553214
-0.3553214
-0.3553214
-0.3553214
-0.3553214
-0.3553214
-0.3553214
-0.3553214
-0.3553214
-0.3553214
-0.3553214
-0.3553214
-0.3553214
-0.3553214
-0.3553214
-0.3553214
-0.3553214
-0.3553214
-0.3553214
-0.3553214
-0.3553214
-0.3553214
-0.3553214
-0.3553214
-0.3553214
-0.3553214
-0.3553214
-0.3553214
-0.3553214
-0.3553214
-0.3553214
-0.3553214
-0.3553214
-0.3553214
-0.3553214
-0.3553214
-0.3553214
-0.3553214
-0.3553214
-0.3553214
-0.3553214
-0.3553214
-0.3553214
-0.3553214
-0.3553214
-0.3553214
-0.3553214
-0.3553214
-0.3553214
-0.3553214
-0.3553214
-0.3553214
-0.3553214
-0.3553214
-0.3553214
-0.3553214
-0.3553214
-0.3553214
-0.3553214
-0.3553214
-0.3553214
-0.3553214
-0.3553214
-0.3553214
-0.3553214
-0.3553214
-0.3553214
-0.3553214
-0.3553214
-0.3553214
-0.3553214
-0.3553214
-0.3553214
-0.3553214
-0.3553214
-0.3553214
-0.3553214
-0.3553214
-0.3553214
-0.3553214
-0.3553214
-0.3553214
-0.3553214
-0.3553214
-0.3553214
-0.3553214
-0.3553214
-0.3553214
-0.3553214
-0.3553214
-0.3553214
-0.3553214
-0.3553214
-0.3553214
-0.3553214
-0.3553214
-0.3553214
-0.3553214
-0.3553214
-0.3553214
-0.3553214
-0.3553214
-0.3553214
-0.3553214
-0.3553214
-0.3553214
-0.3553214
-0.3553214
-0.3553214
-0.3553214
-0.3553214
-0.3553214
-0.3553214
-0.3553214
-0.3553214
-0.3553214
-0.3553214
-0.3553214
-0.3553214
-0.3553214
-0.3553214
-0.3553214
-0.3553214
-0.3553214
-0.3553214
-0.3553214
-0.3553214
-0.3553214
-0.3553214
-0.3553214
-0.3553214
-0.3553214
-0.3553214
-0.3553214
-0.3553214
-0.3553214
-0.3553214
-0.3553214
-0.3553214
-0.3553214
-0.3553214
-0.3553214
-0.3553214
-0.3553214
-0.3553214
-0.3553214
-0.3553214
-0.3553214
-0.3553214
-0.3553214
-0.3553214
-0.3553214
-0.3553214
-0.3553214
-0.3553214
-0.3553214
-0.3553214
-0.3553214
-0.3553214
-0.3553214
-0.3553214
-0.3553214
-0.3553214
-0.3553214
-0.3553214
-0.3553214
-0.3553214
-0.3553214
-0.3553214
-0.3553214
-0.3553214
-0.3553214
-0.3553214
-0.3553214
-0.3553214
-0.3553214
-0.3553214
-0.3553214
-0.3553214
-0.3553214
-0.3553214
-0.3553214
-0.3553214
-0.3553214
-0.3553214
-0.3553214
-0.3553214
-0.3553214
-0.3553214
-0.3553214
-0.3553214
-0.3553214
-0.3553214
-0.3553214
-0.3553214
-0.3553214
-0.3553214
-0.3553214
-0.3553214
-0.3553214
-0.3553214
-0.3553214
-0.3553214
-0.3553214
-0.3553214
-0.3553214
-0.3553214
-0.3553214
-0.3553214
-0.3553214
-0.3553214
-0.3553214
-0.3553214
-0.3553214
-0.3553214
-0.3553214
-0.3553214
-0.3553214
-0.3553214
-0.3553214
-0.3553214
-1.655377
-1.553009
-1.456903
-1.366698
-1.281955
-1.202431
-1.127739
-1.057682
-0.9917574
-0.9298825
-0.8719808
-0.8174313
-0.7662853
-2.382046
-3.177753
-3.749206
-4.187601
-4.544089
-4.436941
-4.181059
-3.936053
-3.704176
-3.486356
-3.321391
-3.134034
-2.95084
-2.779312
-2.615182
-2.4637
-2.319291
-2.182697
-2.055044
-1.935592
-1.820749
-2.322873
-3.144841
-2.987869
-2.813843
-2.649056
-2.492904
-2.365429
-2.250153
-2.135257
-2.009323
-1.891209
-1.802861
-1.715109
-1.666004
-1.571081
-1.488268
-1.40007
-1.316927
-1.243681
-1.18641
-1.188122
-1.199348
-1.132237
-1.082282
-1.03238
-0.9758633
-1.005469
-0.9563861
-0.9046683
-0.8508888
-0.8375787
-1.369704
-2.596238
-2.442736
-2.298419
-2.16272
-2.035087
-1.915035
-1.802093
-1.695816
-2.545706
-3.090264
-2.90767
-2.735963
-2.574473
-2.422648
-2.279732
-2.145254
-2.018735
-1.899638
-1.787507
-1.681991
-1.582855
-1.489403
-1.40126
-1.31844
-1.240261
-1.167593
-1.098192
-1.0328
-0.9711973
-0.9132812
-0.858662
-0.8077181
-0.7596643
-0.7139103
-0.6713334
-0.6307335
-0.5935165
-0.5578042
-0.5238123
-0.491822
-0.4617388
-0.4333937
-0.4067324
-0.3821546
-0.3596722
-0.3468251
-0.3270285
-0.3068373
-0.2934773
-0.2851046
-0.2728714
-0.2563507
-0.2419471
-0.2298106
-0.2158936
-0.2151186
-0.2037727
-0.2022179
-0.2097985
-0.209604
-0.2067122
-0.1943121
-0.1835597
-0.1750669
-0.1647075
-0.1558844
-0.182765
-0.1817429
-0.1709569
-0.1865676
-0.1777522
-0.1873024
-0.1970475
-0.1863275
-0.1762519
-0.173322
-0.1678061
-0.1579874
-0.1488246
-0.1558908
-0.1658651
-0.1567539
-0.1485986
-0.1399334
-0.1362582
-0.1283896
-0.1210361
-0.1144347
-0.1079272
-0.1019241
-0.097006
-0.09164528
-0.09213203
-0.08745425
-0.08673479
-0.08419468
-0.08253252
-0.08321739
-0.07979563
-0.07699805
-0.07360787
-0.06993307
-0.07814669
-0.103186
-0.09764072
-0.09331549
-0.09008204
-0.09284613
-0.1159929
-0.1103695
-0.1041616
-0.1100861
-0.1122615
-0.1066706
-0.1204111
-0.114847
-0.1722435
-0.1632754
-0.1559314
-0.1633244
-0.196393
-0.1875708
-0.1793203
-0.1726252
-0.1680741
-0.1584778
-0.1491997
-0.1420051
-0.1341504
-0.1291665
-0.1218489
-0.1203979
-0.1176005
-0.1143042
-0.1082051
-0.1047917
-0.0990729
-0.09362405
-0.08896076
-0.08752616
-0.08475328
-0.08043364
-0.07944091
-0.07539157
-0.08211686
-0.07893438
-0.07840394
-0.6529041
-0.9053856
-0.8523576
-0.8028476
-0.7560165
-0.712709
-0.6713297
-0.6324025
-0.5966513
-0.5621635
-0.5297327
-0.4991973
-0.4724703
-0.4455748
-0.4201224
-0.3973081
-0.3750908
-0.355082
-0.3350284
-0.3177497
-0.3024626
-0.2858112
-0.2710724
-0.2577217
-0.243962
-0.2317496
-0.2192972
-0.2076595
-0.1967551
-0.1864768
-0.1793103
-0.1702635
-0.1637088
-0.1579088
-0.150281
-0.1432064
-0.1399225
-0.1337491
-0.1279601
-0.122963
-0.1180002
-0.1134281
-0.1094618
-0.1077124
-0.6737888
-0.9500886
-0.9034022
