-4.301246e-236
-4.23871e-236
-4.260068e-236
-4.300607e-236
-4.318363e-236
-4.378278e-236
-4.37296e-236
-4.48043e-236
-4.41063e-236
-4.346345e-236
-4.290983e-236
-4.781216e-236
-4.708278e-236
-4.662402e-236
-4.738391e-236
-4.726677e-236
-4.652336e-236
-4.792502e-236
-4.763347e-236
-5.283966e-236
-5.69454e-236
-6.242166e-236
-6.22769e-236
-6.100193e-236
-6.064577e-236
-6.090313e-236
-6.312081e-236
-6.377886e-236
-6.237897e-236
-6.143029e-236
-6.020434e-236
-6.086434e-236
-6.122089e-236
-6.405218e-236
-6.443012e-236
-6.324853e-236
-6.235673e-236
-6.239257e-236
-6.136108e-236
-6.030547e-236
-5.931841e-236
-5.844844e-236
-5.792353e-236
-5.688043e-236
-6.842193e-236
-6.752066e-236
-6.622227e-236
-6.485681e-236
-6.354848e-236
-6.43214e-236
-6.597386e-236
-6.53007e-236
-6.635084e-236
-6.499096e-236
-6.398594e-236
-6.433514e-236
-6.336642e-236
-6.296705e-236
-6.205296e-236
-6.255342e-236
-6.376788e-236
-6.280681e-236
-6.201678e-236
-6.091708e-236
-6.155983e-236
-6.137667e-236
-6.06193e-236
-5.960518e-236
-7.12699e-236
-7.000683e-236
-6.85737e-236
-6.720321e-236
-7.234881e-236
-7.10347e-236
-7.091369e-236
-7.060793e-236
-8.063611e-236
-7.884475e-236
-7.927518e-236
-7.886631e-236
-7.769598e-236
-7.605126e-236
-7.755789e-236
-8.742315e-236
-9.663558e-236
-1.04002e-235
-1.012192e-235
-1.094068e-235
-1.169127e-235
-1.164238e-235
-1.135504e-235
-1.106491e-235
-1.177607e-235
-1.146869e-235
-1.127755e-235
-1.105286e-235
-1.076037e-235
-1.075591e-235
-1.076744e-235
-1.07311e-235
-1.045685e-235
-1.064447e-235
-1.04168e-235
-1.038564e-235
-1.013294e-235
-9.936913e-236
-9.705954e-236
-9.475192e-236
-1.003866e-235
-1.015452e-235
-1.026735e-235
-1.001146e-235
-1.026088e-235
-1.001679e-235
-9.802178e-236
-9.59326e-236
-9.702971e-236
-1.024985e-235
-9.990899e-236
-9.765166e-236
-9.590981e-236
-9.452835e-236
-9.213862e-236
-9.039721e-236
-8.816318e-236
-8.639915e-236
-8.417695e-236
-8.284406e-236
-8.097268e-236
-8.93258e-236
-8.721459e-236
-8.70008e-236
-8.482903e-236
-8.268827e-236
-8.064074e-236
-7.855558e-236
-7.721811e-236
-8.339832e-236
-8.144574e-236
-8.228717e-236
-8.160752e-236
-8.068859e-236
-8.358373e-236
-8.207651e-236
-8.162788e-236
-7.962542e-236
-7.800928e-236
-7.660946e-236
-7.477926e-236
-7.382314e-236
-7.208753e-236
-7.423381e-236
-7.29116e-236
-7.439505e-236
-7.322165e-236
-7.242136e-236
-7.091245e-236
-6.944167e-236
-7.256372e-236
-7.088295e-236
-6.928187e-236
-6.774827e-236
-6.648966e-236
-7.384557e-236
-7.211855e-236
-7.094844e-236
-6.929593e-236
-7.162471e-236
-6.996003e-236
-7.266565e-236
-7.258596e-236
-7.109443e-236
-6.9453e-236
-6.985395e-236
-6.909825e-236
-6.810505e-236
-7.004914e-236
-7.071829e-236
-7.156996e-236
-7.118702e-236
-7.01738e-236
-6.97442e-236
-6.815772e-236
-7.990488e-236
-7.903705e-236
-7.8024e-236
-7.625733e-236
-7.523071e-236
-7.383038e-236
-7.385202e-236
-7.550733e-236
-7.381385e-236
-7.404795e-236
-8.468875e-236
-8.949813e-236
-9.117929e-236
-8.968114e-236
-8.827041e-236
-8.731298e-236
-8.843394e-236
-8.688044e-236
-8.550403e-236
-8.506648e-236
-9.437548e-236
-9.855858e-236
-9.610542e-236
-9.549243e-236
-9.357399e-236
-9.237288e-236
-9.062046e-236
-8.845629e-236
-9.253789e-236
-9.064643e-236
-9.383183e-236
-9.175372e-236
-8.960048e-236
-8.818125e-236
-8.68793e-236
-8.489349e-236
-8.355921e-236
-8.591578e-236
-8.461133e-236
-8.278759e-236
-8.158435e-236
-8.934593e-236
-8.741528e-236
-8.631427e-236
-8.630579e-236
-8.462731e-236
-8.319952e-236
-8.126648e-236
-7.946852e-236
-8.143344e-236
-8.031403e-236
-7.934184e-236
-7.966448e-236
-7.857102e-236
-7.683144e-236
-7.749026e-236
-7.694697e-236
-7.578427e-236
-7.621082e-236
-8.194315e-236
-8.318778e-236
-8.281416e-236
-8.159039e-236
-7.976521e-236
-7.81816e-236
-7.728834e-236
-7.854507e-236
-7.681559e-236
-7.566153e-236
-7.397091e-236
-7.345039e-236
-7.339779e-236
-7.705825e-236
-7.609979e-236
-7.467019e-236
-8.351672e-236
-8.166144e-236
