1.165214
1.131578
1.14301
1.164867
1.174506
1.207323
1.204392
1.264318
1.225232
1.189776
1.15966
1.439771
1.396179
1.369104
1.414095
1.407113
1.363198
1.446577
1.42903
1.758478
2.042369
2.454073
2.442704
2.343711
2.316423
2.336125
2.509355
2.561949
2.450718
2.376742
2.282825
2.333151
2.360567
2.583954
2.614537
2.51952
2.448971
2.451787
2.37139
2.2905
2.216134
2.151606
2.113133
2.037711
2.948543
2.871377
2.762009
2.649282
2.543473
2.605721
2.741326
2.68567
2.772744
2.660252
2.578612
2.606834
2.528921
2.497145
2.425169
2.464444
2.561067
2.484451
2.422342
2.337196
2.386777
2.372595
2.314402
2.237613
3.19911
3.086724
2.961639
2.844442
3.296702
3.17803
3.167212
3.139958
4.095209
3.915277
3.958142
3.917418
3.802017
3.642754
3.788514
4.813598
5.88154
6.812402
6.452722
7.538864
8.608757
8.536904
8.120711
7.711036
8.734087
8.284087
8.010256
7.694256
7.292408
7.286374
7.302006
7.252801
6.886818
7.136161
6.834169
6.793344
6.466776
6.218991
5.93326
5.654483
6.347002
6.494356
6.63947
6.312645
6.631106
6.319372
6.051487
5.79628
5.929614
6.616864
6.286748
6.005874
5.793526
5.627832
5.346879
5.146678
4.895437
4.701494
4.462758
4.322547
4.129466
5.025402
4.790658
4.7672
4.532167
4.306305
4.095679
3.88661
3.755392
4.380579
4.177858
4.264628
4.194472
4.100542
4.400079
4.242821
4.196565
3.993194
3.832741
3.696423
3.521919
3.432432
3.272934
3.470727
3.348191
3.48582
3.376727
3.303317
3.167101
3.037087
3.316317
3.164467
3.023125
2.890769
2.784358
3.434519
3.275751
3.170316
3.024352
3.231043
3.082598
3.32564
3.31835
3.183377
3.038078
3.073257
3.007122
2.921296
3.090456
3.149781
3.226105
3.191674
3.101465
3.063608
2.925816
4.021273
3.934398
3.834187
3.662521
3.564571
3.433106
3.435118
3.590832
3.431568
3.453369
4.51719
5.044811
5.236117
5.065464
4.907352
4.801473
4.925551
4.75402
4.604581
4.557575
5.609643
6.117949
5.817183
5.743212
5.514768
5.374102
5.17213
4.928042
5.393319
5.175095
5.545201
5.3023
5.056356
4.897444
4.753894
4.539058
4.397497
4.649035
4.508935
4.316655
4.19209
5.027666
4.812732
4.69226
4.691339
4.510638
4.359719
4.159487
3.977472
4.176596
4.06256
3.964801
3.997112
3.888139
3.717876
3.781909
3.729066
3.617221
3.658054
4.229044
4.35849
4.319427
4.192711
4.007227
3.849692
3.762227
3.88557
3.716342
3.605513
3.446187
3.397857
3.392993
3.739859
3.647404
3.511652
4.393026
4.200016
